8068
8093
9629
7637
6835
8398
0738
6793
9480
8957
0859
7394
6827
8196
7063
6093
9539
9047
8438
0439
8557
8343
8146
7993
6806
9805
9695
8646
8539
8397
7065
6082
3794
9526
9159
9148
9076
9071
0675
9938
9138
8948
8437
8137
8065
7693
7349
7036
6039
0635
9430
8636
7436
6994
6803
6098
9550
9373
9340
8973
8067
7638
6096
0794
9737
9347
9343
9265
8939
8936
8738
8729
8598
8538
8356
8346
6496
6297
6095
5928
4934
0847
0763
9940
9608
9529
9469
8728
8076
7091
6726
6097
3953
0856
9729
9726
9660
9628
9460
9447
9391
9381
9367
9359
9178
9064
9038
8947
8839
8429
8092
8039
6829
6629
6328
6078
6059
4761
3951
0793
0746
0647
0593
9683
9681
9647
9482
9370
9185
9073
9068
9051
8641
8620
8376
8334
7938
7339
7094
7061
6906
6805
6724
6492
6094
6084
6079
5194
4940
0447
9839
9703
9528
9409
9364
9305
8737
8095
8059
7962
7830
7636
7461
7056
6863
6092
6056
4905
4083
0696
9759
9735
9682
9645
9615
9538
9361
9302
9208
9205
9149
9037
8743
8637
8344
8061
7838
7698
7639
7635
7149
7052
6853
6843
6817
6763
6732
6538
6439
6384
6376
6073
5706
0940
0767
0672
0589
0544
9670
9574
9419
9228
9209
9207
9174
9066
9048
8961
8926
8829
8739
8638
8578
8074
8057
6807
6706
6303
4904
4392
2493
0839
0673
0670
9861
9846
9679
9640
9433
9351
9269
9141
9139
9107
9085
9063
9036
8952
8903
8394
8349
8339
8294
7948
7628
7350
7196
7194
7059
7041
6736
6735
6573
6438
6408
6346
6229
6086
6071
5934
5817
5726
4962
4618
4604
4603
4305
4085
3093
0760
0692
0537
0296
9926
9893
9624
9446
9407
9287
9249
9049
8395
8278
8097
7990
7930
7597
7439
7396
7360
7358
7346
6394
6193
6058
5982
5935
5549
5073
0961
0947
0659
0436
0362
0292
9928
9892
9816
9769
9728
9572
9549
9384
9257
9246
9241
9183
9130
8960
8794
8747
8725
8697
8653
8568
8362
8043
8041
7994
7834
7683
7618
7493
7370
7037
6823
6818
6792
6748
6727
6594
6495
6139
6072
6053
6052
6038
5749
5729
5097
4704
3932
3898
3873
3809
3091
0762
0749
0743
0595
0492
0443
0393
0389
9833
9743
9702
9617
9607
9564
9468
9445
9386
9385
9380
9358
9353
9352
9313
9289
9206
9108
9046
9034
9032
8983
8941
8795
8776
8736
8735
8643
8619
8493
8443
8259
8174
8072
7967
7629
7549
7362
7340
7064
7043
6937
6935
6862
6856
6826
6804
6738
6720
6695
6440
6237
6194
6167
6137
6085
5996
5994
5948
5838
5376
5086
4928
4839
4730
4634
4309
4079
4073
4064
4037
3980
3950
3772
3768
3063
3046
2894
0960
0855
0842
0836
0784
0735
0643
0575
0499
0496
0381
0374
0294
0261
0146
9948
9906
9857
9768
9748
9730
9673
9643
9626
9477
9436
9435
9434
9415
9375
9360
9245
9236
9035
9033
8995
8953
8718
8714
8680
8634
8548
8496
8374
8364
8329
8064
8048
7843
7740
7695
7652
7554
7495
7460
7450
7435
7434
7148
7046
7038
6929
6927
6905
6434
6307
6306
6182
6076
6041
5956
5497
5389
5373
5328
5196
5099
5068
4970
4930
4927
4764
4097
4093
3934
3796
3086
3076
3049
0964
0853
0845
0766
0736
0679
0674
0651
0646
0480
0438
0384
9862
9835
9740
9650
9616
9534
9489
9406
9402
9382
9379
9374
9334
9307
9186
9143
9043
8962
8935
8849
8837
8744
8717
8652
8647
8635
8628
8551
8354
8326
8270
8229
8194
7947
7937
7730
7593
7552
7438
7169
7141
7097
7084
6949
6831
6734
6403
6390
6382
6343
6247
6142
6138
6055
5929
5209
5094
4996
4963
4703
4081
4048
3986
3967
3955
3929
3907
3903
3872
3754
3752
3660
0949
0894
0860
0843
0768
0756
0751
0745
0693
0671
0597
0596
0548
0538
0392
0380
0298
0266
0095
9858
9817
9668
9593
9592
9589
9543
9509
9492
9467
9429
9362
9344
9320
9282
9240
9217
9167
9136
9129
9065
8982
8940
8783
8781
8592
8553
8365
8296
8276
8268
8149
8063
8058
8047
8045
7996
7949
7944
7939
7835
7599
7443
7348
7345
7049
7032
6939
6893
6857
6850
6846
6816
6729
6560
6528
6396
6359
6296
6197
6089
6075
6026
6018
6013
5992
5972
5947
5936
5398
5393
5195
5093
5084
4965
4696
4629
4493
4056
3998
3964
3906
3904
3896
3749
0975
0795
0681
0498
0460
0390
0340
0299
0293
0259
9974
9946
9863
9850
9843
9827
9778
9772
9762
9755
9694
9596
9581
9488
9483
9473
9472
9459
9457
9418
9378
9350
9337
9329
9326
9304
9297
9276
9268
9261
9253
9244
9084
8927
8792
8760
8748
8705
8679
8656
8594
8467
8449
8447
8435
8396
8363
8359
8355
8313
8295
8167
8131
8035
7935
7668
7538
7462
7365
7354
7336
7192
7167
7136
7054
7026
6964
6940
6904
6813
6760
6749
6704
6683
6637
6529
6490
6391
6385
6091
6087
6077
6054
5993
5980
5933
5538
5406
5394
5146
5076
5039
5036
4986
4842
4738
4695
4605
4095
3983
3899
3803
3776
3761
3683
2946
0994
0872
0866
0851
0849
0639
0565
0559
0557
0446
0377
0283
9932
9804
9736
9734
9732
9715
9690
9680
9664
9656
9655
9637
9621
9620
9609
9587
9578
9576
9573
9570
9548
9535
9475
9454
9432
9416
9390
9376
9342
9330
9310
9308
9273
9212
9197
9151
9131
9126
9097
9081
9058
9054
8773
8768
8751
8746
8673
8666
8573
8560
8498
8492
8459
8453
8357
8336
8172
8152
8078
8052
8051
8036
7927
7872
7850
7817
7682
7662
7661
7647
7632
7624
7620
7616
7562
7556
7519
7453
7386
7330
7293
7218
7187
7085
6947
6919
6896
6854
6851
6836
6799
6764
6744
6737
6723
6650
6539
6508
6498
6338
6304
6298
6286
6192
6183
6173
6140
6131
6057
6049
6047
6043
6028
5938
5925
5921
5905
5903
5806
5793
5743
5707
5365
5339
5336
4968
4945
4943
4926
4833
4827
4803
4797
4737
4699
4674
4390
4063
3943
3854
3760
3708
3702
3499
3498
3394
3094
0954
0952
0950
0867
0863
0861
0857
0837
0781
0694
0687
0656
0638
0636
0591
0543
0473
0465
0449
0366
0348
0195
0183
9838
9780
9770
9763
9716
9708
9688
9661
9571
9540
9471
9397
9372
9325
9316
9275
9271
9266
9259
9243
9189
9042
8954
8932
8905
8724
8696
8682
8609
8606
8440
8439
8387
8333
8165
8139
8136
8132
8096
8069
8062
7992
7836
7762
7694
7641
7583
7397
7238
7209
7186
6993
6924
6873
6864
6861
6841
6838
6746
6709
6576
6526
6458
6448
6447
6395
6370
6309
6271
6239
6209
6207
6203
6180
5958
5939
5919
5794
5740
5627
5396
5361
5349
5319
5067
5066
4993
4929
4894
4829
4776
4672
4495
4374
4092
4091
4065
3992
3954
3920
3709
3592
3497
3073
0899
0884
0740
0739
0685
0665
0648
0388
0368
0253
0237
0197
9967
9962
9958
9949
9943
9930
9894
9866
9859
9828
9826
9794
9692
9674
9625
9532
9450
9438
9356
9332
9283
9274
9270
9260
9258
9237
9235
9220
9172
9171
9164
9160
9156
9094
9086
9061
9059
9039
9016
8975
8906
8857
8803
8784
8757
8734
8732
8708
8681
8639
8630
8623
8614
8602
8543
8517
8497
8466
8441
8434
8392
8377
8369
8361
8360
8331
8239
8161
8156
8151
8094
8049
8028
7957
7853
7841
7840
7831
7820
7631
7572
7527
7520
7494
7490
7483
7437
7405
7395
7385
7384
7363
7344
7338
7324
7286
7108
7083
7066
6986
6953
6931
6865
6860
6834
6702
6652
6536
6506
6491
6430
6429
6414
6278
6252
6172
6103
6081
6042
5997
5949
5909
5871
5837
5835
5774
5742
5738
5731
5728
5725
5495
5385
5374
5192
5062
5061
5035
4981
4935
4933
4931
4897
4809
4782
4766
4743
4706
4396
4394
4370
4239
4088
4075
4070
4058
3976
3974
3897
3858
3744
3589
3549
3529
3081
2967
2964
2843
2051
0971
0968
0946
0941
0874
0858
0833
0832
0796
0649
0644
0553
0541
0497
0481
0379
0373
0353
0334
9959
9954
9945
9936
9853
9837
9829
9806
9749
9686
9675
9671
9642
9641
9627
9590
9556
9554
9520
9508
9441
9341
9291
9285
9278
9224
9161
9157
9152
8955
8943
8942
8867
8860
8834
8826
8767
8695
8677
8640
8597
8556
8450
8430
8418
8353
8341
8306
8297
8162
8144
8141
8091
8038
7968
7870
7837
7801
7670
7498
7392
7314
7242
7241
7236
7203
7182
7165
7099
7053
7009
6957
6952
6943
6902
6830
6821
6796
6643
6620
6588
6572
6571
6562
6503
6501
6417
6380
6356
6348
6320
6308
6238
6074
6065
6051
6048
6034
5964
5942
5902
5796
5745
5739
5720
5704
5338
5092
4990
4978
4944
4938
4907
4821
4623
4408
4376
4368
4138
4038
3997
3965
3923
3871
3808
3297
2096
2076
0967
0938
0886
0881
0791
0765
0733
0662
0650
0637
0631
0583
0545
0490
0461
0395
0394
0160
9895
9840
9795
9752
9746
9745
9741
9724
9717
9648
9646
9537
9530
9525
9493
9470
9461
9425
9404
9388
9387
9369
9328
9314
9280
9272
9214
9195
9127
9109
9072
9028
8984
8959
8904
8862
8861
8851
8838
8804
8758
8699
8671
8658
8644
8601
8561
8536
8476
8470
8463
8442
8423
8399
8368
8230
8225
8206
8171
8032
7969
7961
7960
7943
7932
7917
7846
7822
7816
7674
7671
7626
7544
7526
7522
7516
7499
7487
7451
7442
7398
7369
7343
7295
7255
7249
7124
7106
7081
7040
7035
7019
6956
6916
6883
6798
6780
6757
6751
6717
6716
6715
6708
6703
6619
6614
6607
6552
6551
6505
6437
6435
6393
6379
6371
6344
6291
6240
6218
6196
6178
6152
6141
6127
6005
5984
5976
5954
5930
5920
5873
5795
5732
5703
5608
5395
5327
5185
5178
5137
5098
5096
5057
5047
4975
4920
4892
4814
4767
4735
4693
4638
4630
4481
4407
4362
4361
4360
4307
4296
4162
4094
4086
4076
3973
3956
3804
3797
3771
3762
3704
3496
3449
3292
3095
3092
3065
3052
2993
2851
2394
0996
0983
0956
0953
0895
0887
0840
0797
0761
0752
0641
0632
0581
0568
0494
0472
0471
0382
0376
0363
0265
0264
0194
0139
0051
9970
9884
9881
9869
9844
9841
9825
9814
9793
9781
9771
9766
9757
9720
9719
9684
9676
9644
9602
9553
9521
9503
9466
9443
9431
9338
9322
9319
9318
9284
9277
9242
9223
9169
9142
9103
9078
9075
9055
9053
9005
8917
8845
8840
8835
8693
8655
8631
8610
8603
8599
8554
8519
8479
8473
8280
8273
8223
8195
8185
8142
8071
8066
8054
8027
7975
7972
7970
7953
7813
7696
7663
7642
7617
7592
7570
7534
7506
7463
7430
7366
7316
7284
7261
7246
7153
7105
7087
7060
7048
6945
6938
6753
6745
6739
6701
6634
6596
6595
6591
6585
6527
6478
6473
6472
6467
6360
6358
6342
6253
6202
6151
6149
6080
6063
6045
6019
5974
5973
5944
5916
5803
5737
5734
5705
5694
5685
5642
5607
5340
5274
5197
5186
5063
4995
4948
4917
4899
4843
4726
4724
4607
4572
4473
4437
4364
4358
4291
4276
4237
4193
4182
4167
4106
4089
4067
4053
4046
4043
3991
3970
3958
3905
3868
3857
3852
3780
3778
3774
3595
3293
3067
2961
2952
2937
2867
2793
2693
0992
0936
0934
0875
0870
0862
0835
0773
0758
0737
0697
0680
0658
0558
0549
0536
0466
0464
0437
0434
0433
0399
0397
0185
9952
9941
9905
9882
9867
9860
9823
9783
9775
9765
9751
9723
9706
9667
9651
9612
9603
9562
9552
9504
9495
9487
9451
9440
9437
9426
9408
9403
9396
9383
9336
9309
9267
9248
9233
9179
9176
9162
9124
9105
9104
9089
9060
9045
9018
8924
8909
8859
8854
8820
8775
8764
8763
8753
8752
8730
8709
8707
8704
8685
8665
8663
8661
8659
8657
8615
8608
8605
8570
8549
8540
8495
8483
8481
8454
8419
8390
8380
8373
8328
8262
8261
8254
8224
8175
8129
8122
8099
7986
7954
7950
7945
7941
7924
7859
7804
7743
7739
7699
7692
7690
7685
7681
7634
7550
7547
7542
7496
7489
7428
7381
7368
7356
7352
7341
7294
7291
7243
7216
7215
7191
7184
7168
7134
7079
7076
7039
7016
6982
6975
6961
6950
6936
6908
6892
6880
6802
6759
6728
6640
6581
6580
6561
6550
6499
6487
6471
6436
6426
6423
6388
6373
6349
6335
6301
6299
6208
6159
6121
6108
6106
6037
6032
5923
5918
5915
5856
5834
5766
5751
5718
5649
5640
5631
5594
5583
5537
5508
5480
5429
5405
5403
5399
5382
5380
5367
5302
5296
5286
5206
5136
5128
5095
5083
5016
4985
4984
4956
4946
4922
4906
4898
4837
4805
4799
4795
4763
4736
4717
4705
4692
4676
4675
4643
4642
4636
4389
4384
4339
4304
4299
4297
4273
4186
4183
4174
4107
4082
4061
4052
4049
4034
3988
3968
3966
3957
3952
3926
3902
3866
3862
3861
3755
3723
3492
3482
3172
3083
3078
3059
2998
2976
2962
2924
2899
2862
2859
2857
2768
2692
1847
1693
0993
0974
0965
0834
0764
0757
0742
0699
0677
0676
0664
0598
0590
0580
0579
0556
0468
0467
0463
0452
0435
0396
0359
0273
9960
9953
9935
9913
9907
9785
9782
9776
9767
9754
9727
9707
9704
9654
9649
9638
9601
9558
9499
9476
9444
9428
9405
9398
9262
9234
9230
9134
9132
9096
9095
9057
9056
9044
9026
8996
8964
8945
8938
8929
8915
8894
8807
8782
8780
8762
8761
8722
8621
8613
8593
8571
8460
8428
8417
8413
8378
8340
8335
8293
8263
8249
8247
8154
8138
8075
7951
7871
7832
7814
7763
7746
7686
7581
7537
7431
7429
7347
7322
7307
7297
7267
7193
7181
7062
7044
6903
6897
6794
6741
6722
6659
6651
6646
6641
6628
6615
6597
6564
6522
6479
6459
6451
6450
6416
6409
6375
6332
6330
6281
6267
6195
6176
6132
6090
6014
5979
5744
5721
5638
5636
5605
5597
5540
5493
5383
5273
5179
5148
5109
5081
5065
4998
4961
4955
4903
4870
4702
4635
4627
4503
4479
4463
4399
4366
4349
4298
4289
4287
4165
4098
4090
4074
4071
3985
3969
3961
3959
3930
3921
3913
3909
3882
3881
3878
3856
3847
3830
3805
3782
3759
3674
3671
3604
3491
3487
3346
3263
3174
3097
3038
2994
2983
2943
2672
0966
0893
0883
0838
0785
0755
0753
0698
0682
0642
0633
0585
0578
0572
0547
0448
0295
0280
0277
0186
0181
0173
9832
9714
9657
9522
9517
9516
9484
9453
9420
9417
9335
9323
9315
9301
9251
9231
9168
9146
9144
9079
9027
8966
8930
8918
8872
8827
8733
8727
8720
8719
8703
8674
8529
8490
8465
8458
8446
8386
8379
8375
8370
8330
8323
8315
8309
8299
8233
8232
8197
8173
8163
8160
8026
7974
7955
7940
7925
7906
7875
7842
7828
7764
7754
7750
7735
7615
7609
7589
7571
7568
7560
7514
7459
7432
7380
7353
7323
7317
7315
7299
7281
7251
7230
7180
7160
7107
7092
7074
7055
7031
7028
6995
6962
6948
6941
6917
6899
6847
6779
6742
6718
6691
6635
6617
6603
6558
6475
6402
6378
6347
6327
6322
6260
6259
6216
6205
6174
6156
6146
6135
6016
5943
5926
5917
5893
5872
5853
5845
5815
5807
5773
5717
5699
5695
5684
5653
5490
5287
5278
5238
5207
5119
5072
5069
5009
4992
4988
4953
4947
4942
4925
4828
4816
4762
4754
4746
4740
4708
4661
4641
4639
4608
4574
4498
4496
4397
4359
4340
4238
4199
4197
4191
4137
4099
4084
4054
4047
3948
3889
3885
3870
3864
3781
3767
3765
3753
3734
3720
3687
3603
3584
3530
3506
3495
3085
3047
2958
2948
2947
2936
2923
2895
2753
2746
2742
1859
0799
0782
0776
0640
0634
0594
0573
0540
0491
0483
0475
0470
0263
0262
0176
9985
9929
9855
9761
9700
9689
9678
9662
9618
9591
9568
9563
9531
9479
9478
9474
9463
9427
9400
9354
9331
9303
9286
9255
9250
9232
9196
9175
9154
9150
9135
9133
9092
9083
9070
8978
8965
8934
8931
8914
8863
8856
8836
8815
8742
8692
8667
8660
8654
8651
8626
8618
8604
8583
8581
8535
8534
8533
8527
8457
8444
8415
8408
8358
8322
8308
8307
8292
8271
8265
8236
8217
8208
8178
8170
8169
8060
8042
8031
8019
7995
7936
7934
7914
7885
7863
7839
7826
7806
7752
7729
7697
7680
7675
7627
7594
7584
7582
7563
7507
7464
7372
7359
7357
7331
7320
7309
7308
7270
7268
7264
7254
7253
7247
7233
7229
7225
7224
7223
7204
7195
7156
7146
7143
7135
7126
7034
6990
6973
6960
6944
6934
6930
6926
6848
6840
6832
6828
6790
6733
6693
6657
6627
6549
6510
6494
6457
6443
6383
6381
6354
6352
6334
6314
6305
6302
6273
6217
6204
6175
6168
6158
6153
6136
6117
6105
6070
6067
6003
5991
5975
5968
5965
5952
5945
5941
5924
5907
5883
5870
5814
5813
5802
5784
5772
5722
5701
5692
5527
5473
5449
5448
5371
5364
5303
5267
5249
5190
5183
5078
5048
4976
4971
4960
4952
4915
4889
4877
4871
4834
4780
4727
4716
4668
4651
4640
4626
4606
4592
4559
4491
4436
4385
4375
4306
4303
4294
4261
4246
4198
4192
4158
4149
4057
4036
4032
4031
4006
3996
3989
3917
3916
3908
3886
3876
3867
3844
3820
3799
3788
3770
3769
3694
3657
3583
3483
3194
3082
3074
3061
3057
3043
2997
2971
2963
2954
2870
2863
2844
2797
2765
2764
2761
2749
2741
2697
2682
2651
2638
2087
1795
1794
1752
1694
0896
0876
0873
0868
0850
0848
0841
0787
0772
0759
0469
0458
0398
0383
0367
0335
0291
0268
0193
0084
0058
9971
9963
9961
9956
9904
9903
9810
9705
9691
9672
9652
9635
9614
9597
9585
9559
9542
9490
9455
9439
9422
9238
9226
9221
9202
9199
9187
9153
9147
9077
9041
9031
9019
8994
8992
8980
8979
8971
8933
8916
8913
8802
8793
8786
8770
8713
8691
8676
8672
8664
8645
8616
8600
8547
8508
8507
8506
8503
8403
8393
8320
8269
8266
8243
8231
8215
8164
8159
8140
7886
7848
7833
7825
7793
7706
7688
7657
7651
7649
7567
7553
7513
7426
7408
7402
7371
7361
7292
7217
7166
7159
7098
7096
7078
7073
7069
7030
7029
7014
6998
6983
6951
6933
6928
6921
6894
6875
6855
6839
6815
6809
6808
6766
6754
6750
6743
6692
6631
6621
6584
6568
6509
6493
6442
6401
6374
6268
6243
6241
6171
6148
6144
6124
5981
5971
5951
5753
5741
5719
5672
5532
5499
5443
5343
5313
5198
5173
5167
5075
5037
4964
4954
4914
4912
4896
4890
4841
4838
4831
4819
4818
4810
4793
4770
4756
4755
4739
4687
4683
4681
4553
4529
4476
4435
4395
4391
4380
4379
4348
4336
4317
4281
4275
4241
4189
4173
4140
4072
4068
3979
3963
3949
3922
3895
3874
3860
3851
3829
3793
3784
3745
3735
3731
3664
3655
3620
3607
3598
3494
3448
3392
3290
3273
3196
3084
3064
3051
3039
2991
2970
2949
2944
2897
2896
2860
2854
2782
2735
2696
2655
2597
2594
2494
2293
2081
0939
0882
0877
0798
0695
0688
0669
0566
0554
0552
0370
0360
0290
0289
0285
0284
0244
0164
0151
0043
0040
9983
9972
9885
9848
9803
9798
9796
9658
9622
9604
9599
9560
9496
9491
9465
9464
9462
9421
9412
9389
9377
9365
9299
9294
9256
9219
9215
9181
9177
9158
9120
9093
9029
8895
8882
8806
8670
8627
8607
8580
8526
8445
8400
8337
8327
8303
8274
8253
8241
8235
8198
8177
8145
8079
8053
8050
7973
7933
7918
7916
7855
7851
7844
7815
7803
7790
7760
7732
7728
7672
7660
7614
7564
7503
7492
7407
7328
7278
7258
7231
7206
7197
7170
7161
7119
7086
7075
6992
6932
6858
6814
6812
6773
6672
6630
6616
6604
6599
6593
6587
6583
6563
6520
6515
6483
6477
6432
6418
6337
6317
6294
6282
6274
6263
6257
6198
6188
6184
6181
6143
6118
6107
6083
6030
5998
5922
5886
5884
5875
5867
5851
5849
5828
5779
5736
5662
5609
5573
5547
5530
5518
5430
5409
5368
5350
5341
5332
5187
5161
5127
5046
4980
4908
4883
4873
4872
4846
4835
4824
4786
4783
4773
4758
4741
4723
4709
4670
4633
4621
4616
4614
4609
4594
4505
4438
4430
4393
4388
4367
4347
4270
4153
4146
4136
4104
4103
3977
3946
3941
3937
3910
3892
3863
3853
3828
3806
3795
3779
3677
3676
3675
3602
3593
3573
3563
3473
3381
3252
3195
3153
3037
2978
2945
2926
2796
2770
2743
2734
2732
2553
2397
2098
2053
1796
1762
1749
1698
1656
1646
1496
1494
0958
0846
0668
0599
0587
0586
0570
0563
0562
0561
0533
0489
0474
0462
0459
0457
0391
0375
0339
0276
0275
0252
0198
0178
0163
0161
0086
0059
0050
0037
9994
9931
9886
9792
9760
9750
9742
9634
9584
9547
9502
9481
9458
9452
9424
9401
9349
9254
9204
9180
9122
9113
9101
9024
8873
8871
8816
8771
8745
8731
8716
8574
8564
8559
8537
8474
8416
8407
8405
8372
8298
8248
8214
8147
8135
8106
8098
7984
7983
7923
7922
7905
7900
7847
7819
7809
7794
7791
7753
7748
7684
7653
7630
7569
7561
7555
7528
7523
7481
7390
7379
7351
7342
7289
7259
7240
7237
7222
7199
7163
7158
7154
7125
7122
7067
7058
7008
6925
6922
6887
6881
6872
6820
6811
6684
6648
6632
6618
6613
6605
6589
6579
6524
6507
6489
6445
6444
6433
6392
6387
6339
6319
6315
6293
6287
6236
6233
6219
6215
6201
6190
6177
6147
6130
6129
6088
6046
6004
6002
5961
5914
5890
5855
5848
5805
5797
5730
5724
5680
5670
5427
5381
5329
5290
5281
5106
5079
5059
5049
4974
4969
4966
4924
4919
4902
4885
4875
4857
4845
4840
4822
4804
4802
4796
4779
4752
4749
4744
4734
4707
4698
4697
4667
4625
4602
4538
4509
4429
4377
4373
4353
4327
4293
4283
4271
4254
4230
4203
4181
4175
4166
4139
4134
4087
4016
4014
3962
3924
3893
3836
3764
3758
3736
3706
3586
3582
3574
3558
3527
3503
3396
3395
3274
3193
3189
3148
3099
3079
3071
3054
3048
3019
2966
2953
2938
2915
2889
2874
2872
2865
2845
2786
2699
2681
2593
2392
2194
2043
1843
1751
1738
1660
0962
0951
0943
0935
0790
0788
0769
0754
0667
0661
0582
0539
0440
0432
0336
0332
0297
0260
0254
0236
0046
0039
9997
9965
9924
9918
9917
9902
9873
9830
9819
9802
9784
9722
9712
9710
9699
9697
9693
9577
9567
9557
9523
9506
9486
9410
9395
9357
9281
9227
9213
9203
9155
9050
9040
9025
9013
9003
8970
8950
8842
8830
8772
8683
8528
8499
8469
8433
8367
8316
8300
8290
8257
8237
8226
8209
8187
8168
8155
8130
8120
8117
8116
8115
8102
8085
8040
8033
8023
8022
8009
8006
7998
7985
7915
7893
7881
7868
7857
7798
7659
7650
7645
7596
7591
7548
7541
7540
7529
7518
7482
7468
7457
7452
7446
7420
7416
7382
7334
7325
7296
7279
7271
7248
7228
7213
7208
7133
7118
7088
7072
7027
6997
6959
6910
6859
6849
6774
6731
6725
6719
6674
6649
6625
6612
6606
6598
6555
6531
6504
6427
6398
6377
6340
6324
6323
6295
6292
6230
6199
6169
6134
6114
6024
5987
5910
5900
5892
5889
5854
5839
5836
5831
5830
5816
5798
5792
5767
5760
5756
5690
5650
5637
5619
5615
5596
5483
5479
5388
5372
5370
5369
5334
5316
5309
5299
5265
5260
5208
5182
5176
5170
5163
5159
5131
5071
5054
4999
4921
4918
4910
4882
4781
4760
4753
4691
4686
4677
4673
4665
4644
4637
4596
4593
4583
4581
4573
4528
4490
4461
4447
4387
4363
4350
4330
4326
4308
4282
4280
4264
4259
4249
4217
4194
4187
4163
4148
4066
4059
4039
4025
4018
4009
3994
3987
3984
3919
3915
3865
3848
3748
3746
3741
3725
3716
3705
3689
3668
3661
3634
3617
3609
3599
3540
3484
3470
3447
3418
3390
3389
3387
3382
3289
3275
3229
3192
3181
3173
3151
3096
3069
3062
3058
3029
2989
2973
2965
2960
2959
2849
2763
2760
2751
2745
2739
2695
2683
2619
2596
2592
2559
2549
2393
2372
2191
2083
2073
2062
1868
1779
1758
1639
0973
0771
0750
0683
0657
0654
0653
0600
0576
0569
0546
0542
0495
0488
0487
0478
0476
0365
0350
0286
0281
0267
0239
0174
0170
0096
9973
9921
9920
9915
9831
9824
9790
9774
9758
9687
9685
9666
9611
9588
9579
9546
9368
9317
9222
9216
9165
9121
9102
9088
9082
8999
8986
8985
8937
8921
8896
8868
8853
8847
8825
8799
8785
8769
8694
8662
8632
8579
8562
8532
8522
8431
8402
8345
8342
8325
8321
8319
8317
8305
8286
8267
8256
8255
8245
8199
8166
8114
8103
8083
8046
8015
7963
7919
7884
7784
7781
7708
7658
7623
7588
7587
7586
7573
7546
7536
7524
7508
7505
7485
7484
7455
7441
7440
7423
7422
7419
7335
7290
7287
7282
7280
7257
7234
7232
7220
7212
7178
7164
7145
7047
7045
7025
7015
7006
6965
6958
6923
6889
6885
6884
6870
6771
6770
6762
6670
6586
6582
6578
6577
6534
6517
6516
6514
6484
6470
6460
6419
6365
6345
6331
6329
6270
6242
6228
6221
6185
6170
6104
6050
6044
6027
6025
6009
5990
5962
5932
5897
5868
5865
5863
5862
5822
5801
5799
5783
5782
5780
5778
5762
5727
5716
5708
5659
5617
5613
5604
5601
5592
5571
5539
5519
5509
5496
5492
5482
5470
5450
5447
5442
5436
5387
5359
5323
5305
5275
5219
5181
5134
5087
5085
5058
5043
5026
5006
4997
4983
4958
4895
4881
4830
4801
4771
4768
4732
4719
4718
4715
4658
4622
4599
4558
4524
4492
4478
4428
4427
4369
4335
4319
4318
4302
4290
4284
4267
4257
4147
3995
3990
3972
3936
3880
3869
3859
3835
3826
3775
3757
3756
3747
3740
3729
3726
3717
3656
3653
3601
3562
3561
3532
3405
3398
3385
3374
3295
3178
3138
3088
3077
3072
3026
2984
2982
2968
2942
2941
2914
2884
2852
2847
2838
2798
2776
2769
2756
2738
2675
2673
2660
2598
2383
2059
2041
2037
2036
1791
1757
1672
1658
0998
0959
0891
0885
0869
0732
0564
0551
0454
0451
0444
0400
0378
0355
0278
0271
0136
0067
0065
0057
0054
0047
9968
9950
9908
9854
9836
9818
9739
9733
9701
9613
9586
9514
9371
9366
9348
9346
9324
9321
9279
9252
9247
9218
9210
9194
9137
9062
8956
8944
8928
8886
8885
8883
8858
8832
8817
8797
8796
8766
8755
8754
8690
8617
8591
8563
8550
8546
8518
8452
8388
8382
8302
8291
8281
8227
8222
8213
8193
8124
8105
8087
8086
8024
7976
7966
7929
7928
7827
7823
7808
7792
7723
7715
7702
7665
7646
7565
7558
7545
7539
7521
7502
7469
7433
7424
7389
7364
7269
7263
7239
7226
7205
7132
7115
7109
7082
7057
7013
6991
6979
6915
6907
6898
6882
6879
6852
6833
6825
6824
6800
6781
6714
6698
6642
6518
6482
6474
6454
6415
6410
6386
6362
6361
6313
6284
6269
6246
6213
6212
6189
6187
6186
6113
6035
6020
5999
5927
5876
5823
5818
5764
5750
5709
5691
5671
5663
5614
5582
5516
5502
5484
5453
5437
5422
5402
5391
5379
5345
5314
5301
5297
5175
5166
5145
5139
5056
5034
5029
5023
4939
4937
4916
4913
4893
4859
4854
4807
4772
4759
4751
4745
4690
4669
4650
4645
4631
4597
4530
4508
4467
4459
4401
4398
4378
4345
4338
4263
4229
4195
4178
4131
4129
4105
4008
3975
3935
3842
3815
3785
3783
3766
3751
3743
3732
3730
3724
3682
3673
3659
3643
3633
3619
3616
3608
3597
3596
3581
3576
3550
3481
3466
3464
3384
3361
3348
3285
3284
3271
3268
3176
3165
3053
3045
2995
2933
2893
2780
2774
2758
2671
2649
2640
2396
2381
2270
2261
2079
2078
2075
2074
2072
2071
2042
1846
1766
1746
1695
1557
1499
1495
0984
0963
0888
0686
0660
0645
0560
0445
0372
0371
0361
0251
0232
0171
0149
0062
0061
0053
9934
9883
9747
9738
9639
9598
9580
9536
9524
9501
9448
9442
9264
9229
9193
9163
9145
9114
9030
8997
8987
8865
8841
8813
8801
8777
8750
8741
8726
8698
8622
8566
8545
8478
8422
8351
8242
8238
8220
8204
8200
8189
8150
8148
8128
8044
8037
8034
8017
8005
7903
7795
7768
7736
7720
7691
7613
7608
7601
7515
7472
7467
7404
7327
7298
7275
7244
7219
7207
7138
7128
7127
6985
6901
6867
6837
6791
6772
6721
6710
6690
6645
6557
6480
6452
6422
6351
6350
6333
6311
6244
6133
6128
6119
6068
6062
6022
6010
5901
5877
5860
5826
5810
5785
5770
5761
5723
5710
5658
5611
5581
5561
5550
5541
5529
5524
5498
5491
5469
5397
5360
5317
5307
5289
5261
5243
5215
5158
5149
5122
5031
4886
4880
4874
4856
4851
4847
4836
4806
4784
4765
4733
4671
4576
4557
4507
4499
4457
4382
4357
4346
4342
4292
4265
4260
4196
4188
4170
4108
4069
4060
4019
4003
3933
3928
3846
3813
3786
3722
3688
3685
3678
3647
3642
3629
3627
3523
3507
3493
3485
3480
3468
3463
3446
3438
3376
3362
3296
3248
3186
3183
3171
3146
3098
3036
3034
3016
2996
2981
2977
2932
2931
2927
2883
2858
2836
2832
2826
2785
2757
2698
2690
2643
2492
2152
2097
2091
2039
1797
1764
1748
1673
1653
1576
1549
0995
0991
0986
0897
0574
0493
0386
0354
0341
0247
0238
0184
0167
0155
0085
0052
9986
9978
9922
9880
9847
9834
9721
9605
9569
9456
9298
9296
9295
9288
9192
9184
9166
9128
9118
9067
8981
8968
8949
8908
8902
8874
8870
8774
8689
8633
8590
8565
8552
8488
8482
8420
8414
8391
8381
8332
8324
8212
8191
8143
8030
8029
8003
7810
7785
7761
7731
7705
7687
7619
7595
7578
7517
7393
7375
7355
7319
7303
7262
7176
7144
7131
7121
6967
6891
6877
6876
6752
6740
6705
6700
6689
6681
6639
6590
6533
6406
6389
6326
6318
6285
6265
6232
6227
6222
6031
6011
5977
5931
5908
5904
5887
5833
5829
5827
5786
5776
5688
5681
5651
5570
5531
5460
5407
5392
5378
5357
5352
5298
5294
5264
5247
5244
5237
5199
5142
5118
5113
5053
5045
5044
5018
5008
5003
4941
4900
4887
4858
4798
4787
4659
4617
4584
4531
4519
4518
4514
4502
4494
4465
4403
4301
4272
4253
4209
4177
4172
4164
4159
4145
4117
4096
4030
3999
3982
3938
3901
3890
3887
3837
3834
3812
3807
3763
3728
3712
3700
3644
3605
3567
3559
3557
3548
3531
3490
3479
3471
3383
3364
3329
3262
3260
3175
3075
3044
2990
2980
2951
2891
2890
2887
2879
2835
2775
2771
2748
2694
2670
2641
2496
2471
2446
2271
2183
2173
2089
2086
2061
2038
1857
1839
1798
1761
1741
1737
1667
1651
1039
0981
0948
0871
0792
0780
0748
0534
0453
0450
0338
0279
0272
0255
0240
0182
0097
0091
9976
9964
9957
9914
9896
9891
9887
9791
9777
9623
9600
9582
9565
9518
9505
9363
9327
9293
9170
9004
8976
8923
8907
8843
8821
8684
8595
8587
8582
8576
8555
8501
8491
8451
8436
8389
8304
8289
8275
8183
8157
8125
8110
8084
8056
8020
7965
7926
7907
7883
7818
7742
7738
7719
7703
7679
7669
7574
7566
7559
7543
7504
7488
7480
7470
7465
7445
7444
7425
7329
7318
7312
7305
7288
7276
7183
7174
7157
7155
7147
7139
7129
7113
7051
7042
7024
6980
6974
6909
6845
6787
6777
6765
6758
6755
6647
6575
6521
6468
6413
6404
6341
6312
6283
6255
6235
6162
6008
6007
5986
5937
5913
5911
5899
5864
5857
5850
5842
5832
5755
5733
5618
5616
5568
5542
5534
5526
5489
5474
5471
5459
5457
5452
5428
5401
5384
5322
5295
5283
5266
5228
5218
5203
5189
5184
5172
5143
5138
5114
5042
5030
4987
4982
4977
4973
4957
4923
4876
4844
4757
4750
4713
4688
4610
4542
4527
4482
4443
4426
4406
4352
4324
4285
4266
4262
4252
4233
4190
4135
4116
4028
4026
4023
4005
3931
3912
3888
3855
3832
3831
3827
3819
3714
3697
3684
3680
3662
3648
3630
3623
3621
3606
3560
3552
3538
3502
3475
3397
3391
3354
3351
3269
3191
3177
3154
3139
3087
2985
2974
2955
2880
2878
2861
2840
2792
2788
2744
2724
2678
2656
2591
2556
2538
2499
2498
2476
2449
2382
2376
2339
2296
2249
2176
2172
2082
2068
2058
1858
1782
1765
1753
1697
1581
1493
1491
1439
1373
0976
0955
0931
0898
0779
0774
0477
0441
0356
0274
0241
0169
0093
0056
9993
9992
9980
9925
9897
9890
9864
9851
9849
9842
9820
9809
9786
9756
9709
9631
9575
9561
9544
9533
9449
9414
9355
9345
9188
9106
9020
9017
8993
8990
8958
8911
8887
8876
8706
8629
8611
8541
8524
8427
8410
8401
8366
8314
8285
8284
8260
8251
8250
8205
8182
8073
8025
8014
7977
7964
7956
7908
7858
7796
7772
7648
7640
7622
7621
7525
7501
7497
7449
7413
7406
7367
7265
7175
7104
7071
7020
7012
6981
6966
6918
6888
6707
6602
6567
6523
6513
6397
6256
6220
6214
6166
6150
6115
6102
6029
6021
5988
5985
5970
5955
5953
5843
5824
5820
5819
5787
5714
5700
5697
5686
5668
5664
5661
5648
5644
5643
5622
5620
5589
5506
5505
5487
5446
5434
5414
5344
5324
5293
5258
5229
5224
5174
5140
5135
5101
5091
5041
5038
4951
4888
4863
4721
4689
4679
4585
4541
4534
4522
4515
4506
4462
4453
4419
4351
4315
4300
4286
4247
4226
4208
4207
4180
4155
4118
3940
3884
3845
3843
3833
3801
3739
3738
3681
3679
3670
3665
3650
3641
3631
3572
3566
3564
3517
3508
3459
3441
3439
3417
3409
3401
3359
3347
3276
3187
3185
3167
3056
2986
2979
2939
2919
2877
2876
2871
2794
2783
2778
2754
2687
2680
2676
2637
2632
2595
2573
2557
2544
2537
2267
2198
2158
2092
2054
1867
1854
1851
1831
1768
1763
1759
1756
1696
1662
1655
1650
1097
0937
0932
0854
0844
0786
0747
0744
0678
0592
0567
0482
0364
0358
0349
0347
0269
0245
0165
0162
0148
0135
0133
0036
0030
9984
9982
9944
9937
9927
9845
9811
9807
9718
9663
9636
9619
9411
9399
9239
9211
9190
8974
8946
8922
8897
8879
8805
8790
8749
8715
8712
8710
8701
8584
8569
8567
8516
8514
8338
8283
8279
8219
8202
8201
8192
8109
8077
7991
7910
7888
7874
7864
7862
7821
7805
7745
7710
7655
7598
7509
7479
7471
7427
7383
7376
7302
7266
7201
7120
7033
7003
6913
6810
6788
6782
6696
6679
6624
6623
6600
6574
6553
6485
6431
6400
6367
6355
6290
6277
6276
6272
6261
6250
6234
6191
6040
6015
5995
5989
5950
5896
5894
5821
5769
5675
5666
5652
5634
5630
5626
5572
5515
5485
5476
5444
5439
5390
5363
5347
5320
5271
5240
5239
5227
5226
5216
5205
5147
5107
5082
5077
5074
5040
5027
4950
4909
4891
4813
4794
4729
4714
4712
4685
4678
4595
4525
4517
4510
4475
4471
4468
4464
4458
4452
4449
4439
4413
4409
4278
4250
4240
4227
4220
4218
4154
4101
4062
4051
3978
3875
3822
3816
3789
3718
3701
3640
3638
3632
3626
3509
3489
3488
3465
3460
3458
3413
3372
3371
3307
3257
3249
3239
3228
3197
3190
3188
3149
3050
3041
3028
3027
2992
2975
2940
2928
2913
2841
2784
2766
2762
2730
2685
2674
2659
2646
2634
2440
2398
2384
2371
2361
2260
2195
2167
2066
1895
1866
1792
1755
1681
1582
1393
0997
0969
0957
0865
0700
0655
0455
0270
0257
0256
0249
0141
0081
0034
9975
9923
9910
9901
9879
9787
9698
9659
9653
9541
9527
9423
9290
9263
9198
9116
9098
9069
9021
8969
8963
8878
8823
8818
8740
8531
8515
8505
8494
8485
8480
8475
8471
8464
8409
8404
8385
8348
8347
8288
8277
8190
8176
8134
8016
7978
7952
7921
7802
7783
7751
7724
7716
7689
7666
7606
7590
7473
7454
7403
7388
7378
7311
7185
7173
7130
7005
6976
6955
6946
6878
6866
6819
6711
6673
6601
6569
6547
6546
6537
6532
6530
6512
6463
6456
6446
6248
6226
6224
6223
6179
6163
6122
6101
6100
6099
6066
6033
6012
5983
5891
5874
5811
5771
5752
5748
5747
5682
5679
5647
5629
5598
5591
5584
5580
5559
5520
5501
5475
5435
5416
5358
5351
5346
5292
5279
5272
5164
5125
5090
5089
5088
5012
4991
4979
4972
4959
4936
4878
4853
4832
4823
4820
4792
4788
4731
4701
4684
4662
4660
4652
4598
4580
4579
4577
4537
4485
4483
4480
4451
4423
4405
4371
4355
4341
4331
4328
4314
4222
4204
4184
4143
4119
4080
4035
3891
3877
3839
3787
3713
3635
3591
3568
3555
3544
3514
3440
3431
3407
3370
3365
3360
3350
3319
3238
3230
3156
3066
3018
2956
2950
2934
2921
2898
2875
2822
2790
2747
2736
2731
2726
2716
2661
2654
2645
2644
2642
2630
2629
2618
2616
2581
2562
2558
2540
2495
2490
2445
2373
2363
2295
2259
2197
2193
2189
2184
2095
2084
2069
1799
1676
1640
1630
1558
1539
1498
1497
1483
1449
1392
1294
0970
0889
0484
0287
0246
0233
0177
0172
0156
0154
0150
0048
0038
9888
9872
9868
9764
9665
9610
9594
9566
9507
9497
9300
9182
9007
8846
8844
8819
8756
8687
8625
8510
8352
8287
8240
8221
8216
8188
8127
8101
7849
7767
7725
7713
7709
7633
7625
7607
7585
7409
7401
7387
7333
7283
7273
7221
7152
7140
7114
6914
6784
6747
6730
6682
6680
6675
6481
6462
6441
6424
6421
6368
6289
6279
6264
6231
6160
5906
5898
5895
5866
5847
5804
5759
5712
5702
5660
5606
5590
5587
5562
5552
5536
5481
5467
5426
5342
5326
5318
5300
5288
5285
5277
5276
5269
5220
5201
5188
5171
5132
5064
5019
5015
4852
4849
4826
4825
4811
4728
4720
4694
4632
4615
4612
4549
4472
4470
4434
4337
4269
4251
4236
4216
4169
4156
4132
4120
4045
4029
4027
4002
3993
3944
3850
3715
3696
3695
3686
3667
3649
3646
3645
3610
3571
3565
3551
3539
3469
3461
3450
3428
3416
3393
3378
3368
3308
3226
3205
3170
3143
3140
3136
3023
2988
2969
2917
2892
2885
2869
2850
2842
2831
2830
2821
2799
2795
2791
2759
2752
2740
2691
2664
2647
2599
2584
2572
2571
2564
2560
2463
2459
2438
2387
2386
2352
2292
2289
2283
2264
2190
2186
2182
2171
2159
1891
1872
1853
1769
1767
1742
1685
1659
1464
1462
0944
0892
0783
0652
0500
0387
0352
0300
0288
0234
0231
0196
0175
0132
0094
9822
9808
9800
9545
9511
9392
9306
9140
9099
9074
9052
9002
8967
8891
8880
8866
8852
8833
8831
8791
8700
8688
8596
8558
8544
8530
8455
8412
8406
8371
8244
8218
8211
8179
8121
8089
8082
8012
8004
7971
7901
7876
7866
7800
7797
7756
7741
7701
7656
7600
7551
7530
7510
7476
7417
7400
7310
7300
7285
7252
7214
7190
7093
7089
7050
7017
7010
6984
6871
6844
6756
6686
6678
6671
6608
6535
6519
6502
6476
6469
6466
6428
6258
6145
6116
6069
6061
6001
5878
5859
5840
5790
5768
5765
5696
5676
5667
5655
5641
5569
5558
5553
5517
5468
5462
5431
5408
5356
5331
5311
5259
5241
5217
5214
5204
5180
5141
5130
5108
5080
5033
5014
4911
4850
4808
4791
4777
4748
4648
4624
4619
4613
4590
4571
4552
4551
4526
4504
4487
4432
4410
4323
4316
4310
4295
4277
4215
4205
4151
4109
3821
3817
3798
3773
3742
3719
3554
3526
3525
3520
3518
3516
3454
3437
3429
3427
3419
3408
3404
3402
3349
3342
3340
3282
3272
3264
3137
3127
3068
3022
2957
2920
2886
2866
2827
2824
2787
2781
2737
2679
2658
2636
2631
2542
2491
2487
2484
2395
2388
2359
2297
2273
2166
2163
2093
2048
1878
1873
1863
1856
1855
1837
1833
1784
1780
1743
1689
1683
1645
1556
1529
1465
1396
1062
1061
0945
0890
0775
0689
0485
0344
0248
0199
0180
0087
0068
9951
9912
9789
9788
9725
9633
9555
9551
9519
9500
9498
9311
9173
9015
8920
8881
8869
8778
8702
8648
8542
8486
8468
8448
8432
8301
8113
7854
7811
7807
7786
7758
7737
7664
7605
7535
7391
7274
7235
7162
7116
7112
7068
6999
6971
6920
6795
6775
6658
6654
6638
6626
6610
6420
6372
6336
6245
6157
6064
6023
5940
5812
5633
5632
5610
5602
5593
5576
5560
5472
5441
5419
5418
5256
5231
5191
5144
5103
5102
5032
5017
5002
4664
4489
4450
4372
4279
4274
4223
4171
4168
4161
3960
3883
3879
3628
3624
3622
3590
3587
3580
3575
3524
3519
3501
3472
3457
3442
3375
3302
3298
3279
3207
3202
3162
3147
3106
3089
3080
3070
3060
3035
3032
2922
2916
2853
2750
2725
2721
2720
2717
2677
2650
2635
2623
2561
2551
2489
2473
2453
2447
2437
2370
2364
2291
2281
2196
2077
2070
2056
2049
1896
1894
1849
1772
1687
1657
1649
1647
1642
1633
1584
1473
1460
1395
1376
1196
1093
1085
0989
0978
0977
0942
0532
0337
0092
0082
0063
0029
0028
0026
9939
9821
9812
9753
9744
9606
9515
9333
9011
9008
8893
8810
8809
8798
8589
8234
8112
8111
8090
8081
7981
7920
7912
7812
7775
7727
7721
7673
7580
7533
7313
7250
7189
7142
7137
7090
7080
6972
6890
6768
6662
6622
6545
6511
6488
6412
6407
6366
6364
6300
6254
6165
6154
6120
6006
5852
5800
5781
5775
5669
5639
5635
5624
5603
5579
5578
5507
5461
5440
5415
5413
5348
5284
5268
5262
5235
5157
5156
5110
5100
5022
5007
4725
4611
4540
4536
4513
4440
4386
4383
4344
4322
4320
4176
4115
4113
4110
4078
4015
3971
3945
3942
3925
3814
3750
3703
3614
3611
3588
3546
3505
3453
3420
3400
3379
3358
3352
3317
3265
3255
3247
3243
3218
3180
3163
3152
3040
2902
2900
2873
2833
2817
2814
2713
2657
2648
2617
2577
2567
2543
2497
2485
2374
2247
2178
2175
2168
2161
2151
2146
2065
2064
2057
2035
1871
1865
1842
1786
1747
1734
1731
1716
1691
1679
1677
1674
1671
1641
1635
1572
1565
1561
1445
1384
1383
1360
1292
1195
1059
0571
0535
0385
0346
0343
0191
0179
0073
0044
0035
9919
9852
8991
8892
8890
8855
8822
8723
8711
8668
8572
8384
8258
8123
8119
8104
8002
7980
7946
7880
7759
7747
7726
7603
7602
7478
7466
7415
7377
7374
7332
7021
7018
6968
6954
6911
6801
6694
6687
6668
6663
6570
6548
6425
6399
6310
6266
6249
6206
6126
5777
5645
5586
5557
5543
5513
5510
5451
5377
5355
5337
5304
5291
5234
5165
5162
5126
5025
5021
4994
4932
4867
4861
4680
4591
4547
4544
4535
4516
4501
4497
4469
4446
4418
4334
4329
4311
4255
4248
4228
4185
4179
4133
4124
4102
4044
4042
3900
3791
3533
3423
3422
3414
3343
3327
3253
3199
3150
3102
3042
3017
2837
2825
2823
2820
2815
2773
2668
2665
2586
2578
2547
2483
2472
2454
2444
2380
2353
2349
2268
2256
2254
2253
2179
2174
2165
2162
2149
2139
1884
1874
1861
1841
1817
1816
1785
1715
1682
1675
1643
1585
1566
1554
1293
1291
0741
0684
0168
0060
0055
9909
9815
9201
9100
9091
9010
8977
8972
8925
8812
8788
8721
8675
8612
8513
8512
8500
8228
8203
8180
8007
7982
7892
7860
7782
7780
7776
7770
7765
7612
7532
7512
7421
7418
7188
7177
7151
7022
6989
6970
6912
6697
6676
6656
6611
6566
6556
6500
6455
6280
6251
6211
6210
6111
6110
6109
6036
5969
5879
5791
5758
5735
5595
5564
5563
5514
5466
5463
5438
5411
5386
5330
5282
5230
5124
5111
5055
5052
4967
4879
4800
4710
4655
4586
4550
4313
4225
4221
4152
4050
4022
4013
4012
3911
3841
3810
3639
3594
3543
3510
3476
3462
3455
3445
3430
3415
3386
3306
3291
3286
3259
3251
3244
3242
3204
3182
3155
3116
3020
2856
2818
2718
2715
2702
2688
2686
2669
2667
2652
2621
2570
2532
2461
2443
2350
2348
2294
2262
2238
2199
2156
2155
2090
2088
2047
2034
2032
1864
1862
1838
1834
1736
1663
1648
1638
1631
1629
1587
1574
1573
1482
1481
1474
1398
1367
1287
1261
1049
0988
0980
0864
0734
0663
0235
0200
0031
9969
9125
8828
8811
8487
8477
8350
8318
8207
8133
8055
7989
7909
7902
7845
7824
7678
7604
7579
7337
7326
7321
7306
7260
7095
6713
6664
6633
6559
6554
6461
6369
6325
6275
6164
5966
5869
5841
5809
5808
5754
5554
5551
5535
5521
5504
5312
5310
5242
5133
5117
5116
5028
5024
4901
4722
4657
4649
4628
4548
4539
4256
4243
4235
4206
4128
4127
4126
4055
4041
4033
3918
3914
3894
3823
3818
3672
3625
3615
3613
3612
3585
3545
3513
3486
3467
3444
3406
3380
3258
3240
3222
3219
3209
3208
3161
3128
3109
2800
2789
2700
2614
2566
2530
2478
2475
2460
2457
2451
2439
2368
2347
2329
2299
2284
2282
2278
2250
2246
2239
2153
2085
2060
2055
2044
2031
2029
1848
1845
1826
1813
1787
1773
1770
1760
1750
1745
1692
1668
1644
1625
1615
1614
1594
1588
1586
1577
1560
1553
1547
1546
1487
1485
1461
1389
1362
1271
1194
1183
1165
1164
1146
1136
1091
1084
1060
0778
0442
0282
0192
0166
0142
0137
0066
9996
9977
9916
9871
9856
9813
9799
9677
9123
9117
9006
8901
8900
8864
8850
8800
8759
8678
8523
8489
8456
8310
8184
8126
8100
7959
7867
7861
7757
7611
7576
7500
7447
7211
7172
7101
6963
6886
6842
6778
6776
6486
6353
6316
6155
5715
5713
5698
5657
5628
5612
5599
5585
5528
5465
5335
5051
4869
4855
4817
4812
4601
4412
4356
4325
4245
4212
4160
4157
4024
4017
3824
3777
3710
3692
3666
3556
3547
3541
3478
3432
3426
3338
3336
3335
3328
3309
3281
3261
3227
3159
3145
3031
3024
2999
2972
2908
2888
2839
2834
2819
2813
2779
2767
2755
2615
2582
2565
2536
2535
2474
2465
2462
2452
2379
2375
2351
2285
2248
2188
2185
2160
2137
2033
1886
1885
1686
1670
1669
1637
1636
1613
1571
1282
1193
1160
1096
1082
1081
1078
1045
0431
0345
0157
0153
0144
0138
0089
0076
0042
0041
9987
9875
9865
9731
9485
9339
9200
9023
8988
8910
8814
8502
8461
8421
7931
7877
7873
7852
7829
7722
7714
7677
7511
7486
7475
7245
7110
7002
6978
6769
6712
6685
6653
6592
6449
6411
5960
5946
5789
5711
5621
5567
5512
5478
5464
5315
5306
5280
5120
5060
4789
4775
4742
4533
4532
4511
4460
4424
4381
4365
4234
4202
4021
4010
3652
3542
3436
3373
3356
3305
3237
3225
3168
3118
3115
3015
3005
2906
2868
2729
2663
2639
2624
2620
2602
2585
2568
2554
2548
2524
2518
2517
2458
2450
2419
2399
2377
2360
2298
2287
2276
2275
2251
2181
2170
2067
2018
1897
1880
1869
1835
1740
1724
1680
1619
1564
1536
1527
1484
1480
1390
1363
1281
1189
1170
1158
1099
1095
1044
1034
0229
0019
9995
9979
9889
9779
9393
9080
8919
8912
8884
8511
8186
8158
8153
8118
7898
7891
7733
7717
7704
7456
7150
7023
7004
6987
6895
6874
6797
6785
6665
6541
6525
6123
5957
5846
5693
5673
5600
5548
5546
5545
5494
5458
5445
5321
5257
5255
5251
5250
5248
5245
5222
5202
5154
5152
5020
4647
4484
4442
4425
4420
4210
4122
4112
4100
3849
3811
3711
3707
3600
3521
3474
3301
3294
3288
3246
3241
3220
3184
3169
3129
3119
3014
2904
2901
2864
2807
2805
2803
2733
2722
2666
2653
2613
2583
2576
2550
2546
2545
2534
2533
2470
2433
2432
2421
2420
2418
2354
2338
2320
2265
2240
2227
2192
2157
2154
2147
2138
2129
2128
2127
2099
1898
1893
1783
1744
1729
1684
1661
1568
1563
1562
1543
1468
1463
1455
1426
1387
1381
1371
1368
1366
1361
1270
1176
1161
1089
1086
1076
1054
0985
0770
0588
0550
0243
0075
0049
0045
0016
9998
9513
8875
8848
8789
8669
8650
8649
8425
8252
8018
8001
7958
7904
7774
7667
7644
7577
7448
7198
7111
6786
6655
6544
6465
5978
5967
5825
5746
5625
5565
5556
5486
5477
5400
5366
5308
5270
5223
5213
5160
4866
4778
4774
4769
4656
4653
4575
4570
4417
4400
4332
4214
4213
4211
3981
3654
3536
3528
3314
3287
3280
3278
3206
3164
3135
3104
3090
3008
2930
2881
2719
2521
2481
2479
2427
2390
2385
2362
2343
2317
2177
2063
2052
2028
2017
2016
1889
1882
1875
1844
1815
1735
1733
1627
1519
1490
1489
1467
1448
1419
1394
1391
1374
1354
1353
1343
1341
1296
1295
1197
1181
0972
0933
0577
0158
0140
0032
9713
9394
9225
9014
8889
8824
8525
8521
8312
8272
7999
7987
7911
7897
7766
7718
7557
7491
7102
6869
6783
6660
6644
6636
6112
5885
5687
5575
5488
5404
5253
5236
5232
5211
5177
5155
5104
4587
4543
4448
4404
4402
4121
3947
3792
3637
3569
3553
3504
3500
3425
3367
3345
3337
3330
3299
3267
3203
3198
3144
3130
3033
3002
2987
2935
2907
2829
2809
2625
2608
2605
2601
2590
2563
2555
2541
2528
2516
2436
2391
2366
2340
2328
2286
2279
2274
2263
2220
2116
2027
1916
1883
1852
1829
1790
1723
1714
1678
1634
1593
1591
1544
1459
1454
1447
1370
1339
1283
1264
1262
1259
1142
1087
1075
1051
1043
0789
0074
9955
9899
9878
9801
9669
9512
9312
8998
8424
8264
8108
7882
7879
7769
7755
7744
7700
7256
7227
7210
7100
6900
6661
6542
6288
5503
5500
5433
5362
5254
5210
5193
5169
5121
5011
4790
4682
4666
4663
4589
4588
4546
4521
4454
4414
4258
4224
4125
4077
3727
3537
3534
3451
3443
3424
3410
3341
3326
3316
3142
3114
3009
2912
2855
2816
2723
2701
2628
2600
2587
2515
2448
2355
2346
2335
2219
2216
2164
2148
2142
2019
1890
1850
1840
1830
1825
1754
1726
1690
1607
1606
1550
1548
1537
1535
1534
1533
1513
1446
1365
1355
1348
1344
1338
1336
1274
1273
1272
1267
1251
1190
1186
1184
1179
1171
1094
1068
1063
0555
0479
0145
9870
9711
9012
9001
8877
8642
8577
8504
8107
8010
7865
7610
7304
7277
7202
6225
6200
5523
5417
5410
5325
5168
5010
4815
4620
4582
4415
4150
3790
3578
3363
3357
3277
3217
3201
3158
3126
2909
2706
2607
2529
2523
2488
2477
2467
2431
2429
2416
2414
2330
2319
2269
2180
2140
2118
1931
1827
1823
1781
1774
1727
1720
1654
1592
1583
1569
1538
1528
1427
1399
1388
1386
1382
1364
1351
1335
1285
1275
1268
1265
1163
1157
1073
1072
1071
1065
1053
1048
1046
0982
0879
0878
0800
0690
0250
0189
0134
0088
0064
0017
0015
0006
9990
9966
9942
9933
9494
9022
8951
8779
8588
8586
8472
8311
8210
8088
8070
8011
7997
7988
7887
7869
7773
7712
7707
7643
7414
7200
7077
7011
6822
6017
6000
5763
5511
5375
5333
5153
4785
4555
4441
4354
4231
4130
4020
3733
3618
3522
3332
3331
3300
3283
3179
3120
3101
2905
2806
2804
2714
2709
2704
2689
2569
2531
2519
2409
2389
2336
2280
2237
2145
2014
1915
1832
1824
1814
1806
1802
1708
1706
1699
1622
1609
1579
1578
1443
1442
1385
1349
1297
1279
1276
1263
1260
1159
1150
1137
0900
0456
0188
9947
9112
9087
8624
8575
8013
7889
7301
7001
6988
5963
5861
5844
5574
5533
5421
5420
5105
5005
5004
4868
4864
4520
4466
4421
4144
3663
3577
3411
3318
3315
3224
3124
3107
3100
3025
2846
2808
2777
2705
2604
2579
2574
2522
2482
2480
2428
2426
2423
2378
2344
2342
2257
2252
2245
2243
2242
2228
2224
2217
2169
2141
2045
1926
1887
1876
1870
1739
1722
1721
1666
1632
1621
1600
1531
1451
1450
1429
1337
1330
1249
1246
1191
1173
1168
1167
1153
1148
1077
1074
1056
1055
0880
0777
0033
0027
0018
9877
8383
7779
7103
6677
6540
6453
6125
5912
5880
5674
5623
5455
5423
5263
5246
5221
5200
4654
4566
4445
4411
4312
4219
3802
3699
3693
3512
3403
3399
3339
3324
3270
3266
3254
3235
3200
3166
3157
3007
2925
2882
2812
2801
2708
2627
2603
2506
2466
2455
2435
2434
2422
2403
2400
2367
2315
2290
2135
2117
2026
1921
1899
1860
1788
1777
1702
1628
1601
1575
1570
1552
1522
1514
1476
1475
1457
1377
1372
1298
1266
1252
1180
1151
1083
1058
1050
1047
0333
0230
0159
0100
0090
0025
0020
0005
9989
9773
8509
8462
7771
6977
6761
6688
5882
5788
5522
5412
5070
4700
4600
4560
4422
4333
3840
3651
3570
3304
3236
3134
2910
2810
2772
2728
2703
2622
2609
2539
2509
2441
2430
2415
2408
2358
2266
2241
2209
2187
2150
2125
2024
1822
1805
1801
1778
1725
1713
1704
1700
1626
1620
1605
1567
1559
1526
1509
1506
1440
1438
1352
1327
1169
1156
1154
1152
1139
1079
1064
1057
0990
0691
0357
0342
0014
0004
9991
9110
9009
8898
8808
7477
7458
7399
7179
6667
5689
5677
5424
5354
5212
4578
4569
4564
4431
4288
4142
4007
3698
3691
3511
3435
3433
3313
3312
3245
3234
3132
3103
3055
3012
3010
2802
2633
2606
2575
2502
2464
2407
2402
2365
2337
2272
2214
2206
2144
2119
2113
2050
2046
2040
1913
1879
1808
1807
1771
1705
1617
1580
1521
1517
1507
1436
1433
1299
1277
1257
1198
1174
1067
1037
0584
0072
9630
9583
9413
7778
7123
7117
5881
5544
5456
5233
5115
4523
4433
3721
3658
3325
3320
3303
3250
3121
2710
2589
2520
2504
2417
2406
2404
2331
2325
2318
2309
2305
2300
2231
2229
2225
2136
2115
2106
2025
1934
1924
1811
1804
1703
1624
1612
1599
1597
1589
1545
1540
1508
1486
1444
1431
1428
1405
1400
1328
1306
1286
1242
1162
1143
1038
1036
1035
1033
0999
0730
0351
9797
8765
8411
7856
7411
6321
5013
4884
4512
4486
4477
4474
4011
3334
3221
3125
3105
3004
2903
2711
2612
2552
2503
2405
2316
2302
2221
2207
2114
2108
2102
2094
2023
2022
1930
1923
1922
1918
1901
1828
1732
1728
1712
1709
1611
1434
1422
1421
1418
1413
1409
1406
1378
1334
1280
1253
1247
1185
1172
1149
1140
1090
0369
0003
8021
7787
7654
6357
6161
4244
4232
3369
3108
3011
2911
2684
2662
2610
2507
2327
2308
2307
2203
2130
2120
2080
2030
2015
1927
1719
1665
1664
1652
1618
1604
1603
1551
1488
1424
1417
1416
1375
1319
1284
1141
1131
1069
1041
0979
0152
0022
0021
9632
9595
7799
6942
6060
5654
5577
5112
4565
4500
4416
3366
3212
3122
2811
2712
2707
2611
2505
2413
2334
2326
2322
2218
2215
2208
2201
2200
2132
2126
2109
2107
2009
1935
1906
1877
1819
1803
1610
1608
1602
1503
1502
1479
1458
1430
1403
1401
1347
1332
1308
1178
1175
1166
1135
1040
1032
0830
0143
9119
8246
7895
7789
6543
4989
4563
4554
4488
4456
3800
3452
3388
3231
3160
3021
2527
2526
2513
2508
2321
2306
2303
2277
2232
2143
2124
2013
1912
1910
1909
1904
1810
1775
1718
1595
1530
1524
1520
1505
1504
1501
1477
1408
1356
1340
1326
1288
1241
1187
1182
1147
1145
1098
0716
0630
0627
0023
9911
9115
8686
8000
7531
6609
5646
5123
4556
4268
4201
4114
3311
3233
3215
3123
3110
3003
3001
2588
2456
2313
2235
2230
2213
2204
2021
1932
1929
1917
1902
1892
1836
1820
1707
1688
1623
1532
1359
1316
1307
1289
1278
1239
1088
0819
0726
0706
0629
0608
0187
9510
9191
8008
7749
7711
7373
7171
5665
5432
5225
5129
4865
4111
3825
3421
3323
3216
3213
2514
2512
2410
2304
2301
1936
1598
1542
1523
1518
1510
1471
1407
1320
1317
1304
1303
1302
1240
1238
1042
0905
0902
0821
0806
0720
0605
0430
6699
6497
5001
4561
3310
2500
2401
2288
2236
2234
2133
2105
2101
1903
1888
1789
1710
1541
1420
1315
1309
1301
1192
1138
1132
1070
0827
0801
0731
0705
0703
0619
0508
0503
0409
0207
0190
0106
0080
7412
3353
3141
3111
3013
2442
2425
2411
2369
2223
1925
1900
1881
1711
1596
1512
1511
1500
1333
1305
0903
0817
0814
0803
0718
0715
0702
0626
0621
0609
0603
0529
0008
9900
9292
8181
7734
7676
7007
7000
6868
6363
5525
4562
3927
3669
3377
3112
2511
2333
2324
2007
1920
1821
1435
1402
1380
1329
1255
0852
0831
0719
0713
0628
0620
0618
0531
0530
0528
0403
0401
0329
0309
0226
0002
9696
8484
7899
6405
4004
3477
3321
3256
2357
2258
2205
2134
2100
2012
1938
1933
1525
1516
1466
1456
1441
1358
1310
1269
1250
1237
0826
0709
0623
0602
0519
0422
0421
0406
0216
0201
0115
0109
0107
0079
0071
9874
8899
8426
6262
5566
5353
4949
4568
4123
3515
3223
3133
3113
2918
2310
2131
2122
1908
1793
1730
1555
1469
1425
1410
1325
1322
1244
0930
0910
0901
0816
0805
0615
0601
0520
0518
0514
0308
0242
0227
0113
0108
0098
0010
8787
5959
3412
3355
3344
3322
2011
1905
1470
1397
1342
1300
1258
0906
0823
0804
0802
0727
0725
0724
0717
0701
0617
0607
0527
0511
0429
0427
0418
0320
0307
0306
0222
0131
0126
0105
9000
8585
7896
6565
5588
4343
2255
2226
2104
2006
1155
0920
0828
0824
0810
0729
0728
0723
0614
0522
0516
0506
0504
0424
0407
0324
0223
0215
0211
0206
0118
0117
0078
6767
3006
2341
2314
2312
2202
2111
1939
1928
1809
1404
1350
1177
0925
0921
0916
0904
0825
0710
0708
0616
0526
0426
0425
0328
0322
0224
0221
0219
0218
0130
0129
0127
0119
0104
7913
7575
4848
4455
4000
3939
3737
3690
2501
2311
2110
1914
1800
1452
1345
1199
0919
0915
0820
0812
0807
0666
0624
0613
0612
0610
0524
0507
0486
0417
0415
0414
0330
0317
0228
0217
0208
0205
0116
5888
5757
4860
4711
3579
2469
1937
1911
1590
1311
1144
0929
0926
0914
0913
0818
0813
0721
0622
0523
0521
0517
0513
0509
0501
0419
0408
0405
0331
0319
0301
0258
0212
0209
0114
0103
0099
0069
0013
9988
9898
4747
4646
4001
3838
3214
3211
2412
2332
2212
2210
2123
1995
1943
1940
1437
1248
0829
0809
0712
0704
0611
0327
0325
0312
0305
0304
0122
0112
8080
6669
6464
5858
2356
2103
2008
2005
1997
1996
1994
1993
1946
1944
1941
1907
1812
1412
1411
1188
1134
1080
0924
0917
0822
0811
0714
0606
0525
0502
0428
0423
0416
0413
0410
0402
0323
0318
0315
0310
0302
0225
0220
0128
0111
0012
7474
7272
7070
6996
5683
5151
2929
2244
2010
1415
1312
0928
0927
0918
0515
0512
0024
9981
7894
4040
3117
2510
1776
1331
1323
1066
0923
0908
0722
0711
0412
0326
0313
0204
0110
1948
1947
1453
1200
0625
0510
0213
0083
4862
2486
1472
1432
1369
0922
0314
0210
0009
4141
1346
1290
1256
0311
0120
7788
1949
1492
1321
1254
1109
0911
0604
0203
8989
4242
3636
3000
1992
1950
1478
1116
1110
1106
1100
1016
0214
2828
2233
2211
2004
1952
1951
1423
1314
1108
1107
0912
0404
0125
0011
5454
5000
2003
1942
1243
1219
1006
0316
0147
0121
3131
2848
1998
1954
1953
1616
1208
1207
1206
1105
1052
0707
0102
7979
3456
2727
1232
1202
1201
1118
1102
1015
1008
0808
0321
9111
8282
6789
2626
1991
1961
1229
1216
1129
1103
1026
1019
1018
1017
0411
7878
5656
3434
1958
1379
1218
1217
1203
1127
1119
1117
1115
1104
1031
1009
1005
1204
1130
1126
1092
0077
9090
5050
3210
3030
1960
1955
1945
1133
1128
1101
1030
1027
1022
1021
1014
1013
0815
0505
0303
0124
3232
1962
1956
1228
1220
1215
1205
1114
1003
1002
0202
5252
1990
1959
1957
1717
1226
1113
5425
1919
1701
1222
1210
0420
7890
3535
1227
1209
1028
7942
1965
1236
1214
1125
1120
1025
1012
1007
4567
4200
1963
1211
1124
1011
5678
1318
4545
1968
1964
8520
1971
1967
1966
1245
0907
0101
9876
1414
1023
0001
1989
1972
1970
1515
2525
2424
2345
2020
1976
1973
1213
1121
1029
1981
1980
1977
1975
1974
1223
1020
7410
1979
1978
1001
1983
1982
1235
1225
1969
1224
1112
1024
5150
2121
2112
1988
1324
1221
1357
1233
1123
0123
2323
2002
2468
1999
1987
1231
1000
0987
1985
0070
1986
1984
1230
1818
0007
2580
0909
1010
4321
2001
8888
1313
1122
6666
5555
3333
9999
6969
2222
4444
2000
1004
7777
1212
0000
1111
1234
